# ICOMP=11: Draine 2003 astrosilicate               
#  0.1000 = grain radius (micron)
#   20.00 = grain temperature (K)
#     837 = number of wavelengths
#  wave(um)      eps_1-1    eps_2      Re(n)-1     Im(n)
1.239840E+05  1.0799E+01 7.6875E-03  2.4350E+00 1.1190E-03
9.998710E+04  1.0799E+01 9.5356E-03  2.4350E+00 1.3880E-03
7.000791E+04  1.0799E+01 1.3616E-02  2.4350E+00 1.9820E-03
6.199200E+04  1.0799E+01 1.5382E-02  2.4350E+00 2.2390E-03
4.999355E+04  1.0799E+01 1.9064E-02  2.4350E+00 2.7750E-03
2.999855E+04  1.0799E+01 3.1781E-02  2.4350E+00 4.6260E-03
2.479680E+04  1.0792E+01 3.8433E-02  2.4340E+00 5.5960E-03
2.000064E+04  1.0792E+01 4.7657E-02  2.4340E+00 6.9390E-03
1.499927E+04  1.0792E+01 6.3556E-02  2.4340E+00 9.2540E-03
1.239840E+04  1.0785E+01 7.6899E-02  2.4330E+00 1.1200E-02
1.100124E+04  1.0778E+01 8.6624E-02  2.4320E+00 1.2620E-02
9.998710E+03  1.0778E+01 9.4998E-02  2.4320E+00 1.3840E-02
8.997388E+03  1.0772E+01 1.0156E-01  2.4310E+00 1.4800E-02
7.000791E+03  1.0758E+01 1.1809E-01  2.4290E+00 1.7220E-02
6.199200E+03  1.0751E+01 1.2704E-01  2.4280E+00 1.8530E-02
4.999355E+03  1.0737E+01 1.4451E-01  2.4260E+00 2.1090E-02
3.999484E+03  1.0723E+01 1.6524E-01  2.4240E+00 2.4130E-02
2.999855E+03  1.0702E+01 1.9637E-01  2.4210E+00 2.8700E-02
2.479680E+03  1.0682E+01 2.2005E-01  2.4180E+00 3.2190E-02
2.000065E+03  1.0668E+01 2.5039E-01  2.4160E+00 3.6650E-02
1.499927E+03  1.0640E+01 2.9759E-01  2.4120E+00 4.3610E-02
1.239840E+03  1.0619E+01 3.3360E-01  2.4090E+00 4.8930E-02
1.200232E+03  1.0612E+01 3.4012E-01  2.4080E+00 4.9900E-02
9.998710E+02  1.0598E+01 3.7963E-01  2.4060E+00 5.5730E-02
8.997388E+02  1.0584E+01 4.0440E-01  2.4040E+00 5.9400E-02
7.973248E+02  1.0576E+01 4.3477E-01  2.4030E+00 6.3880E-02
7.500544E+02  1.0576E+01 4.5110E-01  2.4030E+00 6.6280E-02
7.000791E+02  1.0576E+01 4.7084E-01  2.4030E+00 6.9180E-02
6.778787E+02  1.0575E+01 4.8084E-01  2.4030E+00 7.0650E-02
6.577401E+02  1.0575E+01 4.9071E-01  2.4030E+00 7.2100E-02
6.377778E+02  1.0575E+01 5.0119E-01  2.4030E+00 7.3640E-02
6.199200E+02  1.0575E+01 5.1140E-01  2.4030E+00 7.5140E-02
5.980898E+02  1.0574E+01 5.2501E-01  2.4030E+00 7.7140E-02
5.481167E+02  1.0580E+01 5.6200E-01  2.4040E+00 8.2550E-02
4.999355E+02  1.0586E+01 6.0759E-01  2.4050E+00 8.9220E-02
4.485673E+02  1.0598E+01 6.7186E-01  2.4070E+00 9.8600E-02
3.986624E+02  1.0616E+01 7.5770E-01  2.4100E+00 1.1110E-01
3.488576E+02  1.0632E+01 8.7987E-01  2.4130E+00 1.2890E-01
2.999855E+02  1.0645E+01 1.0596E+00  2.4160E+00 1.5510E-01
2.749701E+02  1.0646E+01 1.1884E+00  2.4170E+00 1.7390E-01
2.599790E+02  1.0634E+01 1.2824E+00  2.4160E+00 1.8770E-01
2.500182E+02  1.0616E+01 1.3506E+00  2.4140E+00 1.9780E-01
2.479680E+02  1.0615E+01 1.3642E+00  2.4140E+00 1.9980E-01
2.400000E+02  1.0592E+01 1.4115E+00  2.4110E+00 2.0690E-01
2.250163E+02  1.0566E+01 1.5043E+00  2.4080E+00 2.2070E-01
2.000065E+02  1.0512E+01 1.6922E+00  2.4020E+00 2.4870E-01
1.749951E+02  1.0445E+01 1.9338E+00  2.3950E+00 2.8480E-01
1.499927E+02  1.0347E+01 2.2544E+00  2.3850E+00 3.3300E-01
1.350000E+02  1.0260E+01 2.5023E+00  2.3760E+00 3.7060E-01
1.239840E+02  1.0167E+01 2.7197E+00  2.3660E+00 4.0400E-01
1.180800E+02  1.0109E+01 2.8526E+00  2.3600E+00 4.2450E-01
1.127127E+02  1.0045E+01 2.9842E+00  2.3530E+00 4.4500E-01
1.033200E+02  9.9129E+00 3.2442E+00  2.3390E+00 4.8580E-01
9.998710E+01  9.8568E+00 3.3470E+00  2.3330E+00 5.0210E-01
9.537231E+01  9.7652E+00 3.4985E+00  2.3230E+00 5.2640E-01
9.184000E+01  9.6838E+00 3.6229E+00  2.3140E+00 5.4660E-01
8.856000E+01  9.6020E+00 3.7452E+00  2.3050E+00 5.6660E-01
8.550621E+01  9.5130E+00 3.8650E+00  2.2950E+00 5.8650E-01
8.265601E+01  9.4236E+00 3.9834E+00  2.2850E+00 6.0630E-01
7.998968E+01  9.3275E+00 4.0977E+00  2.2740E+00 6.2580E-01
7.749000E+01  9.2310E+00 4.2099E+00  2.2630E+00 6.4510E-01
7.514182E+01  9.1278E+00 4.3186E+00  2.2510E+00 6.6420E-01
7.293176E+01  9.0246E+00 4.4245E+00  2.2390E+00 6.8300E-01
7.084800E+01  8.9214E+00 4.5275E+00  2.2270E+00 7.0150E-01
7.000790E+01  8.8719E+00 4.5687E+00  2.2210E+00 7.0920E-01
6.888000E+01  8.8118E+00 4.6262E+00  2.2140E+00 7.1970E-01
6.701838E+01  8.6961E+00 4.7200E+00  2.2000E+00 7.3750E-01
6.525474E+01  8.5807E+00 4.8102E+00  2.1860E+00 7.5490E-01
6.358154E+01  8.4658E+00 4.8969E+00  2.1720E+00 7.7190E-01
6.199200E+01  8.3449E+00 4.9786E+00  2.1570E+00 7.8850E-01
5.904000E+01  8.1051E+00 5.1308E+00  2.1270E+00 8.2040E-01
5.635637E+01  7.8562E+00 5.2627E+00  2.0950E+00 8.5020E-01
5.390609E+01  7.6048E+00 5.3775E+00  2.0620E+00 8.7810E-01
5.166000E+01  7.3578E+00 5.4758E+00  2.0290E+00 9.0390E-01
4.999355E+01  7.1601E+00 5.5417E+00  2.0020E+00 9.2300E-01
4.508509E+01  6.5042E+00 5.6947E+00  1.9090E+00 9.7880E-01
4.132800E+01  5.9310E+00 5.7533E+00  1.8230E+00 1.0190E+00
3.757091E+01  5.3013E+00 5.7141E+00  1.7210E+00 1.0500E+00
3.350919E+01  4.6401E+00 5.6659E+00  1.6110E+00 1.0850E+00
2.999855E+01  3.9149E+00 5.5398E+00  1.4820E+00 1.1160E+00
2.755200E+01  3.3538E+00 5.3395E+00  1.3710E+00 1.1260E+00
2.499677E+01  2.7226E+00 5.0870E+00  1.2390E+00 1.1360E+00
2.479680E+01  2.6669E+00 5.0530E+00  1.2260E+00 1.1350E+00
2.431059E+01  2.5522E+00 4.9608E+00  1.1970E+00 1.1290E+00
2.384308E+01  2.4409E+00 4.8978E+00  1.1710E+00 1.1280E+00
2.339321E+01  2.3205E+00 4.8130E+00  1.1410E+00 1.1240E+00
2.296000E+01  2.2211E+00 4.7334E+00  1.1150E+00 1.1190E+00
2.254255E+01  2.1053E+00 4.6771E+00  1.0880E+00 1.1200E+00
2.214000E+01  1.9735E+00 4.5845E+00  1.0540E+00 1.1160E+00
2.175158E+01  1.8733E+00 4.4771E+00  1.0240E+00 1.1060E+00
2.137655E+01  1.7806E+00 4.3896E+00  9.9710E-01 1.0990E+00
2.101424E+01  1.6751E+00 4.2951E+00  9.6660E-01 1.0920E+00
2.066400E+01  1.5781E+00 4.1899E+00  9.3620E-01 1.0820E+00
2.032525E+01  1.4898E+00 4.0899E+00  9.0760E-01 1.0720E+00
2.000065E+01  1.3758E+00 3.9906E+00  8.7350E-01 1.0650E+00
1.937250E+01  1.1919E+00 3.6772E+00  7.9900E-01 1.0220E+00
1.878546E+01  1.0985E+00 3.3658E+00  7.4140E-01 9.6640E-01
1.823294E+01  1.0801E+00 3.0392E+00  6.9750E-01 8.9520E-01
1.771200E+01  1.1185E+00 2.7643E+00  6.7350E-01 8.2590E-01
1.722000E+01  1.1994E+00 2.5080E+00  6.6360E-01 7.5380E-01
1.675459E+01  1.3090E+00 2.3042E+00  6.6900E-01 6.9030E-01
1.631368E+01  1.4384E+00 2.1213E+00  6.8380E-01 6.2990E-01
1.589538E+01  1.5912E+00 1.9833E+00  7.1090E-01 5.7960E-01
1.549800E+01  1.7519E+00 1.8723E+00  7.4360E-01 5.3690E-01
1.512000E+01  1.9322E+00 1.7981E+00  7.8490E-01 5.0370E-01
1.499928E+01  1.9929E+00 1.7810E+00  7.9940E-01 4.9490E-01
1.476000E+01  2.1235E+00 1.7542E+00  8.3110E-01 4.7900E-01
1.441674E+01  2.3528E+00 1.7573E+00  8.8920E-01 4.6510E-01
1.408909E+01  2.5957E+00 1.8550E+00  9.5470E-01 4.7450E-01
1.377600E+01  2.7943E+00 2.0615E+00  1.0140E+00 5.1180E-01
1.347652E+01  2.8868E+00 2.3356E+00  1.0520E+00 5.6910E-01
1.318979E+01  2.8777E+00 2.5974E+00  1.0670E+00 6.2830E-01
1.291500E+01  2.8204E+00 2.8494E+00  1.0720E+00 6.8760E-01
1.265143E+01  2.6805E+00 3.0916E+00  1.0600E+00 7.5040E-01
1.239840E+01  2.4909E+00 3.2703E+00  1.0340E+00 8.0390E-01
1.227564E+01  2.3950E+00 3.3447E+00  1.0200E+00 8.2790E-01
1.215529E+01  2.2929E+00 3.4193E+00  1.0050E+00 8.5270E-01
1.192154E+01  2.0373E+00 3.5382E+00  9.6220E-01 9.0160E-01
1.169660E+01  1.7676E+00 3.5700E+00  9.0850E-01 9.3530E-01
1.148000E+01  1.5410E+00 3.5671E+00  8.6020E-01 9.5880E-01
1.127127E+01  1.3059E+00 3.5639E+00  8.0980E-01 9.8460E-01
1.107000E+01  1.0590E+00 3.5166E+00  7.5130E-01 1.0040E+00
1.087579E+01  8.3569E-01 3.4412E+00  6.9350E-01 1.0160E+00
1.068828E+01  5.9242E-01 3.3555E+00  6.2890E-01 1.0300E+00
1.050712E+01  3.4129E-01 3.1928E+00  5.4990E-01 1.0300E+00
1.033200E+01  1.6295E-01 2.9629E+00  4.7410E-01 1.0050E+00
1.016262E+01  6.7691E-02 2.7461E+00  4.1670E-01 9.6920E-01
9.998710E+00 -4.7352E-03 2.5733E+00  3.7010E-01 9.3910E-01
9.840000E+00 -8.6452E-02 2.4159E+00  3.2220E-01 9.1360E-01
9.686250E+00 -1.7753E-01 2.2436E+00  2.6730E-01 8.8520E-01
9.663602E+00 -1.9068E-01 2.2156E+00  2.5860E-01 8.8020E-01
9.537231E+00 -2.5478E-01 2.0426E+00  2.0820E-01 8.4530E-01
9.392728E+00 -2.9462E-01 1.8221E+00  1.5310E-01 7.9010E-01
9.252538E+00 -2.9079E-01 1.6034E+00  1.0960E-01 7.2250E-01
9.116470E+00 -2.4911E-01 1.4029E+00  8.2150E-02 6.4820E-01
8.984348E+00 -1.8122E-01 1.2318E+00  7.1890E-02 5.7460E-01
8.856000E+00 -1.0175E-01 1.0933E+00  7.5460E-02 5.0830E-01
8.731268E+00 -2.3368E-02 9.8417E-01  8.7000E-02 4.5270E-01
8.610001E+00  4.3561E-02 8.9686E-01  9.9900E-02 4.0770E-01
8.492055E+00  9.4163E-02 8.1785E-01  1.0910E-01 3.6870E-01
8.377297E+00  1.3394E-01 7.3312E-01  1.1450E-01 3.2890E-01
8.265600E+00  1.7716E-01 6.3870E-01  1.2170E-01 2.8470E-01
7.998968E+00  3.4472E-01 4.1286E-01  1.7290E-01 1.7600E-01
7.749001E+00  5.4929E-01 2.7037E-01  2.4940E-01 1.0820E-01
7.514182E+00  7.3883E-01 1.9451E-01  3.2070E-01 7.3640E-02
7.293177E+00  8.9706E-01 1.6884E-01  3.7870E-01 6.1230E-02
7.084800E+00  1.0151E+00 1.6352E-01  4.2070E-01 5.7550E-02
6.911037E+00  1.0970E+00 1.6422E-01  4.4920E-01 5.6660E-02
6.701838E+00  1.1784E+00 1.6575E-01  4.7700E-01 5.6110E-02
6.525474E+00  1.2373E+00 1.6585E-01  4.9680E-01 5.5400E-02
6.358154E+00  1.2871E+00 1.6486E-01  5.1330E-01 5.4470E-02
6.199200E+00  1.3307E+00 1.6284E-01  5.2760E-01 5.3300E-02
5.904000E+00  1.4030E+00 1.5699E-01  5.5100E-01 5.0610E-02
5.635636E+00  1.4635E+00 1.5201E-01  5.7030E-01 4.8400E-02
5.510400E+00  1.4894E+00 1.4999E-01  5.7850E-01 4.7510E-02
5.166000E+00  1.5541E+00 1.4549E-01  5.9880E-01 4.5500E-02
4.999355E+00  1.5821E+00 1.4394E-01  6.0750E-01 4.4770E-02
4.768616E+00  1.6183E+00 1.4219E-01  6.1870E-01 4.3920E-02
4.428000E+00  1.6639E+00 1.4028E-01  6.3270E-01 4.2960E-02
4.132800E+00  1.6973E+00 1.3892E-01  6.4290E-01 4.2280E-02
3.874500E+00  1.7231E+00 1.3681E-01  6.5070E-01 4.1440E-02
3.646588E+00  1.7430E+00 1.3476E-01  6.5670E-01 4.0670E-02
3.401482E+00  1.7620E+00 1.3223E-01  6.6240E-01 3.9770E-02
3.262737E+00  1.7717E+00 1.3039E-01  6.6530E-01 3.9150E-02
3.099600E+00  1.7821E+00 1.2770E-01  6.6840E-01 3.8270E-02
2.755200E+00  1.8023E+00 1.2314E-01  6.7440E-01 3.6770E-02
2.479680E+00  1.8144E+00 1.1947E-01  6.7800E-01 3.5600E-02
2.423930E+00  1.8175E+00 1.1880E-01  6.7890E-01 3.5380E-02
2.254255E+00  1.8235E+00 1.1664E-01  6.8070E-01 3.4700E-02
2.199858E+00  1.8249E+00 1.1593E-01  6.8110E-01 3.4480E-02
2.121924E+00  1.8280E+00 1.1491E-01  6.8200E-01 3.4160E-02
2.066400E+00  1.8297E+00 1.1424E-01  6.8250E-01 3.3950E-02
1.907446E+00  1.8331E+00 1.1222E-01  6.8350E-01 3.3330E-02
1.771200E+00  1.8365E+00 1.1057E-01  6.8450E-01 3.2820E-02
1.650040E+00  1.8385E+00 1.0940E-01  6.8510E-01 3.2460E-02
1.549800E+00  1.8402E+00 1.0849E-01  6.8560E-01 3.2180E-02
1.458635E+00  1.8402E+00 1.0751E-01  6.8560E-01 3.1890E-02
1.377600E+00  1.8416E+00 1.0669E-01  6.8600E-01 3.1640E-02
1.305095E+00  1.8413E+00 1.0587E-01  6.8590E-01 3.1400E-02
1.249965E+00  1.8413E+00 1.0530E-01  6.8590E-01 3.1230E-02
1.239840E+00  1.8420E+00 1.0521E-01  6.8610E-01 3.1200E-02
1.127127E+00  1.8426E+00 1.0458E-01  6.8630E-01 3.1010E-02
9.998710E-01  1.8427E+00 1.0377E-01  6.8630E-01 3.0770E-02
8.997388E-01  1.8423E+00 1.0320E-01  6.8620E-01 3.0600E-02
7.998968E-01  1.8427E+00 1.0253E-01  6.8630E-01 3.0400E-02
7.000791E-01  1.8461E+00 1.0178E-01  6.8730E-01 3.0160E-02
6.563473E-01  1.8478E+00 1.0147E-01  6.8780E-01 3.0060E-02
5.500621E-01  1.8566E+00 1.0095E-01  6.9040E-01 2.9860E-02
4.860212E-01  1.8688E+00 1.0073E-01  6.9400E-01 2.9730E-02
4.399716E-01  1.8813E+00 1.0064E-01  6.9770E-01 2.9640E-02
4.339657E-01  1.8833E+00 1.0061E-01  6.9830E-01 2.9620E-02
3.999484E-01  1.8987E+00 1.0060E-01  7.0280E-01 2.9540E-02
3.814892E-01  1.9089E+00 1.0051E-01  7.0580E-01 2.9460E-02
3.649809E-01  1.9202E+00 1.0043E-01  7.0910E-01 2.9380E-02
3.440177E-01  1.9383E+00 1.0040E-01  7.1440E-01 2.9280E-02
3.262737E-01  1.9575E+00 1.0031E-01  7.2000E-01 2.9160E-02
3.099600E-01  1.9786E+00 1.0032E-01  7.2610E-01 2.9060E-02
2.917271E-01  2.0097E+00 1.0022E-01  7.3510E-01 2.8880E-02
2.850207E-01  2.0240E+00 1.0021E-01  7.3920E-01 2.8810E-02
2.739978E-01  2.0498E+00 1.0022E-01  7.4660E-01 2.8690E-02
2.583000E-01  2.0961E+00 1.0010E-01  7.5980E-01 2.8440E-02
2.500181E-01  2.1271E+00 9.9997E-02  7.6860E-01 2.8270E-02
2.400000E-01  2.1733E+00 9.7774E-02  7.8160E-01 2.7440E-02
2.384308E-01  2.1812E+00 9.7610E-02  7.8380E-01 2.7360E-02
2.339321E-01  2.2084E+00 9.7595E-02  7.9140E-01 2.7240E-02
2.299833E-01  2.2342E+00 9.8275E-02  7.9860E-01 2.7320E-02
2.254255E-01  2.2681E+00 9.9982E-02  8.0800E-01 2.7650E-02
2.214000E-01  2.3032E+00 1.0361E-01  8.1770E-01 2.8500E-02
2.190143E-01  2.3254E+00 1.0691E-01  8.2380E-01 2.9310E-02
2.175158E-01  2.3392E+00 1.0940E-01  8.2760E-01 2.9930E-02
2.137655E-01  2.3783E+00 1.1739E-01  8.3830E-01 3.1930E-02
2.100000E-01  2.4195E+00 1.2810E-01  8.4950E-01 3.4630E-02
2.000065E-01  2.5496E+00 1.7421E-01  8.8460E-01 4.6220E-02
1.899847E-01  2.7054E+00 2.5721E-01  9.2610E-01 6.6770E-02
1.800000E-01  2.9006E+00 3.9400E-01  9.7750E-01 9.9620E-02
1.700041E-01  3.1328E+00 6.4065E-01  1.0390E+00 1.5710E-01
1.653120E-01  3.2417E+00 8.1767E-01  1.0690E+00 1.9760E-01
1.600000E-01  3.3465E+00 1.0929E+00  1.1010E+00 2.6010E-01
1.549800E-01  3.3810E+00 1.4280E+00  1.1200E+00 3.3680E-01
1.490013E-01  3.2464E+00 1.8935E+00  1.1090E+00 4.4890E-01
1.458635E-01  3.0803E+00 2.1003E+00  1.0820E+00 5.0440E-01
1.441674E-01  2.9630E+00 2.1824E+00  1.0600E+00 5.2970E-01
1.425104E-01  2.8487E+00 2.2338E+00  1.0370E+00 5.4830E-01
1.408909E-01  2.7537E+00 2.2627E+00  1.0170E+00 5.6090E-01
1.389955E-01  2.6628E+00 2.2912E+00  9.9790E-01 5.7340E-01
1.362461E-01  2.5468E+00 2.3339E+00  9.7390E-01 5.9120E-01
1.333161E-01  2.4337E+00 2.3822E+00  9.5100E-01 6.1050E-01
1.305095E-01  2.3316E+00 2.4300E+00  9.3070E-01 6.2930E-01
1.278186E-01  2.2337E+00 2.4781E+00  9.1150E-01 6.4820E-01
1.249965E-01  2.1327E+00 2.5309E+00  8.9210E-01 6.6880E-01
1.215529E-01  2.0037E+00 2.5981E+00  8.6750E-01 6.9560E-01
1.180013E-01  1.8639E+00 2.6721E+00  8.4130E-01 7.2560E-01
1.148000E-01  1.7257E+00 2.7421E+00  8.1550E-01 7.5520E-01
1.109973E-01  1.5420E+00 2.8310E+00  7.8140E-01 7.9460E-01
1.078122E-01  1.3609E+00 2.9101E+00  7.4760E-01 8.3260E-01
1.050000E-01  1.1659E+00 2.9898E+00  7.1140E-01 8.7350E-01
1.024661E-01  8.9534E-01 3.0130E+00  6.5150E-01 9.1220E-01
9.999516E-02  6.7229E-01 2.9469E+00  5.9070E-01 9.2630E-01
9.762520E-02  4.8874E-01 2.8670E+00  5.3610E-01 9.3320E-01
9.537231E-02  3.2241E-01 2.7761E+00  4.8280E-01 9.3610E-01
9.322105E-02  1.7316E-01 2.6659E+00  4.2930E-01 9.3260E-01
9.116471E-02  4.5795E-02 2.5211E+00  3.7390E-01 9.1750E-01
8.856000E-02  1.1980E-02 2.3119E+00  3.2960E-01 8.6940E-01
8.265600E-02 -8.0033E-02 2.3310E+00  3.0880E-01 8.9050E-01
7.749000E-02 -4.7691E-01 2.0850E+00  1.5600E-01 9.0180E-01
7.293177E-02 -6.5222E-01 1.7501E+00  3.2490E-02 8.4750E-01
6.888000E-02 -7.1478E-01 1.4500E+00 -6.1110E-02 7.7220E-01
6.525474E-02 -7.0834E-01 1.2001E+00 -1.2630E-01 6.8680E-01
6.199200E-02 -6.6031E-01 9.9997E-01 -1.6460E-01 5.9850E-01
5.904000E-02 -5.8410E-01 8.5006E-01 -1.7470E-01 5.1500E-01
5.635637E-02 -5.0359E-01 7.5998E-01 -1.6210E-01 4.5350E-01
5.390609E-02 -4.4791E-01 7.0997E-01 -1.4810E-01 4.1670E-01
5.166000E-02 -4.1768E-01 6.6989E-01 -1.4270E-01 3.9070E-01
4.959360E-02 -3.9960E-01 6.2992E-01 -1.4250E-01 3.6730E-01
4.768616E-02 -3.8660E-01 5.8992E-01 -1.4430E-01 3.4470E-01
4.592000E-02 -3.7535E-01 5.5000E-01 -1.4650E-01 3.2220E-01
4.428000E-02 -3.6425E-01 5.1000E-01 -1.4830E-01 2.9940E-01
4.275310E-02 -3.5112E-01 4.7003E-01 -1.4850E-01 2.7600E-01
4.132800E-02 -3.2888E-01 4.3198E-01 -1.4290E-01 2.5200E-01
3.874500E-02 -2.9393E-01 3.8941E-01 -1.3040E-01 2.2390E-01
3.646588E-02 -2.7148E-01 3.5103E-01 -1.2330E-01 2.0020E-01
3.444000E-02 -2.5250E-01 3.1682E-01 -1.1700E-01 1.7940E-01
3.262737E-02 -2.3510E-01 2.8653E-01 -1.1070E-01 1.6110E-01
3.099600E-02 -2.1875E-01 2.5975E-01 -1.0430E-01 1.4500E-01
2.952000E-02 -2.0311E-01 2.3602E-01 -9.7780E-02 1.3080E-01
2.817818E-02 -1.8740E-01 2.1511E-01 -9.0830E-02 1.1830E-01
2.773691E-02 -1.8101E-01 2.0834E-01 -8.7840E-02 1.1420E-01
2.755200E-02 -1.7832E-01 2.0700E-01 -8.6480E-02 1.1330E-01
2.695304E-02 -1.7220E-01 1.9976E-01 -8.3660E-02 1.0900E-01
2.637958E-02 -1.6591E-01 1.9175E-01 -8.0780E-02 1.0430E-01
2.583000E-02 -1.5861E-01 1.8370E-01 -7.7340E-02 9.9550E-02
2.530286E-02 -1.5031E-01 1.7680E-01 -7.3290E-02 9.5390E-02
2.479680E-02 -1.4201E-01 1.7140E-01 -6.9160E-02 9.2070E-02
2.431059E-02 -1.3190E-01 1.6560E-01 -6.4090E-02 8.8470E-02
2.384308E-02 -1.1831E-01 1.6401E-01 -5.7000E-02 8.6960E-02
2.361600E-02 -1.1090E-01 1.6650E-01 -5.2990E-02 8.7910E-02
2.343743E-02 -1.0521E-01 1.6950E-01 -4.9870E-02 8.9200E-02
2.326154E-02 -9.6794E-02 1.7480E-01 -4.5230E-02 9.1540E-02
2.308827E-02 -9.2016E-02 1.9079E-01 -4.1930E-02 9.9570E-02
2.291756E-02 -1.0190E-01 2.0970E-01 -4.5970E-02 1.0990E-01
2.274936E-02 -1.2200E-01 2.1464E-01 -5.6110E-02 1.1370E-01
2.258361E-02 -1.3821E-01 2.0775E-01 -6.5050E-02 1.1110E-01
2.242025E-02 -1.4702E-01 1.9708E-01 -7.0370E-02 1.0600E-01
2.225925E-02 -1.5200E-01 1.8657E-01 -7.3640E-02 1.0070E-01
2.210054E-02 -1.5251E-01 1.7420E-01 -7.4610E-02 9.4120E-02
2.194407E-02 -1.4890E-01 1.6571E-01 -7.3130E-02 8.9390E-02
2.178981E-02 -1.4471E-01 1.5960E-01 -7.1200E-02 8.5920E-02
2.163770E-02 -1.4032E-01 1.5581E-01 -6.9040E-02 8.3680E-02
2.148770E-02 -1.3691E-01 1.5380E-01 -6.7320E-02 8.2450E-02
2.133976E-02 -1.3481E-01 1.5180E-01 -6.6300E-02 8.1290E-02
2.119385E-02 -1.3281E-01 1.4951E-01 -6.5340E-02 7.9980E-02
2.104991E-02 -1.3080E-01 1.4761E-01 -6.4360E-02 7.8880E-02
2.069850E-02 -1.2531E-01 1.4331E-01 -6.1640E-02 7.6360E-02
2.035862E-02 -1.2081E-01 1.4219E-01 -5.9310E-02 7.5580E-02
2.002973E-02 -1.1970E-01 1.4291E-01 -5.8690E-02 7.5910E-02
1.986923E-02 -1.2150E-01 1.4271E-01 -5.9650E-02 7.5880E-02
1.971129E-02 -1.2340E-01 1.3970E-01 -6.0780E-02 7.4370E-02
1.940282E-02 -1.2350E-01 1.3300E-01 -6.1110E-02 7.0830E-02
1.910385E-02 -1.2220E-01 1.2709E-01 -6.0650E-02 6.7650E-02
1.907446E-02 -1.2211E-01 1.2640E-01 -6.0630E-02 6.7280E-02
1.878545E-02 -1.1941E-01 1.2039E-01 -5.9420E-02 6.4000E-02
1.850508E-02 -1.1600E-01 1.1550E-01 -5.7790E-02 6.1290E-02
1.823294E-02 -1.1161E-01 1.1119E-01 -5.5620E-02 5.8870E-02
1.796870E-02 -1.0741E-01 1.0980E-01 -5.3450E-02 5.8000E-02
1.771200E-02 -1.0621E-01 1.0921E-01 -5.2840E-02 5.7650E-02
1.746253E-02 -1.0550E-01 1.0560E-01 -5.2580E-02 5.5730E-02
1.722000E-02 -1.0320E-01 1.0271E-01 -5.1460E-02 5.4140E-02
1.698411E-02 -1.0141E-01 1.0100E-01 -5.0570E-02 5.3190E-02
1.686857E-02 -1.0131E-01 1.0021E-01 -5.0540E-02 5.2770E-02
1.675460E-02 -1.0150E-01 9.8424E-02 -5.0690E-02 5.1840E-02
1.653120E-02 -9.9573E-02 9.4127E-02 -4.9800E-02 4.9530E-02
1.631369E-02 -9.7103E-02 9.1699E-02 -4.8570E-02 4.8190E-02
1.610182E-02 -9.5268E-02 8.9348E-02 -4.7670E-02 4.6910E-02
1.589539E-02 -9.3495E-02 8.7046E-02 -4.6800E-02 4.5660E-02
1.569418E-02 -9.1783E-02 8.4814E-02 -4.5960E-02 4.4450E-02
1.549800E-02 -9.0114E-02 8.2614E-02 -4.5140E-02 4.3260E-02
1.530667E-02 -8.8447E-02 8.0449E-02 -4.4320E-02 4.2090E-02
1.512000E-02 -8.6746E-02 7.8339E-02 -4.3480E-02 4.0950E-02
1.493783E-02 -8.5051E-02 7.6321E-02 -4.2640E-02 3.9860E-02
1.479523E-02 -8.3624E-02 7.4749E-02 -4.1930E-02 3.9010E-02
1.476000E-02 -8.3265E-02 7.4418E-02 -4.1750E-02 3.8830E-02
1.458635E-02 -8.1656E-02 7.2619E-02 -4.0950E-02 3.7860E-02
1.441674E-02 -8.0026E-02 7.0722E-02 -4.0140E-02 3.6840E-02
1.425103E-02 -7.8264E-02 6.8885E-02 -3.9260E-02 3.5850E-02
1.408909E-02 -7.6409E-02 6.7125E-02 -3.8330E-02 3.4900E-02
1.393079E-02 -7.4503E-02 6.5555E-02 -3.7370E-02 3.4050E-02
1.377600E-02 -7.2461E-02 6.3968E-02 -3.6340E-02 3.3190E-02
1.362462E-02 -7.0119E-02 6.2657E-02 -3.5150E-02 3.2470E-02
1.347652E-02 -6.7293E-02 6.1998E-02 -3.3700E-02 3.2080E-02
1.333161E-02 -6.5577E-02 6.3352E-02 -3.2790E-02 3.2750E-02
1.324615E-02 -6.6271E-02 6.3832E-02 -3.3140E-02 3.3010E-02
1.318979E-02 -6.6937E-02 6.2919E-02 -3.3500E-02 3.2550E-02
1.305095E-02 -6.6200E-02 5.9905E-02 -3.3170E-02 3.0980E-02
1.294196E-02 -6.3925E-02 5.7788E-02 -3.2030E-02 2.9850E-02
1.291500E-02 -6.3172E-02 5.7889E-02 -3.1640E-02 2.9890E-02
1.278186E-02 -6.1420E-02 5.7652E-02 -3.0740E-02 2.9740E-02
1.265143E-02 -5.9911E-02 5.6552E-02 -2.9980E-02 2.9150E-02
1.252364E-02 -5.7737E-02 5.5315E-02 -2.8880E-02 2.8480E-02
1.239840E-02 -5.4875E-02 5.4562E-02 -2.7420E-02 2.8050E-02
1.227564E-02 -5.2288E-02 5.4695E-02 -2.6090E-02 2.8080E-02
1.215529E-02 -4.8991E-02 5.4048E-02 -2.4410E-02 2.7700E-02
1.203728E-02 -4.3446E-02 5.5047E-02 -2.1560E-02 2.8130E-02
1.192154E-02 -3.4739E-02 6.0570E-02 -1.7040E-02 3.0810E-02
1.180800E-02 -3.4799E-02 8.1025E-02 -1.6690E-02 4.1200E-02
1.174091E-02 -4.8514E-02 9.0447E-02 -2.3460E-02 4.6310E-02
1.169660E-02 -5.9465E-02 8.7163E-02 -2.9150E-02 4.4890E-02
1.158729E-02 -6.8902E-02 7.2792E-02 -3.4330E-02 3.7690E-02
1.148000E-02 -6.6794E-02 6.2111E-02 -3.3440E-02 3.2130E-02
1.137468E-02 -6.2819E-02 5.9606E-02 -3.1430E-02 3.0770E-02
1.127127E-02 -6.1150E-02 5.7718E-02 -3.0600E-02 2.9770E-02
1.116973E-02 -5.9033E-02 5.6423E-02 -2.9530E-02 2.9070E-02
1.107000E-02 -5.7345E-02 5.7154E-02 -2.8650E-02 2.9420E-02
1.101101E-02 -5.7278E-02 5.8148E-02 -2.8600E-02 2.9930E-02
1.097204E-02 -5.8117E-02 5.8861E-02 -2.9020E-02 3.0310E-02
1.087579E-02 -6.0961E-02 5.7899E-02 -3.0500E-02 2.9860E-02
1.078122E-02 -6.2261E-02 5.4639E-02 -3.1220E-02 2.8200E-02
1.068828E-02 -6.2124E-02 5.1889E-02 -3.1190E-02 2.6780E-02
1.059692E-02 -6.0937E-02 4.8837E-02 -3.0620E-02 2.5190E-02
1.050712E-02 -5.9111E-02 4.7254E-02 -2.9700E-02 2.4350E-02
1.041882E-02 -5.6980E-02 4.5927E-02 -2.8620E-02 2.3640E-02
1.033200E-02 -5.5377E-02 4.6374E-02 -2.7790E-02 2.3850E-02
1.016262E-02 -5.4823E-02 4.6816E-02 -2.7500E-02 2.4070E-02
9.998710E-03 -5.5410E-02 4.6140E-02 -2.7810E-02 2.3730E-02
9.950562E-03 -5.5918E-02 4.6244E-02 -2.8070E-02 2.3790E-02
9.918720E-03 -5.6586E-02 4.5742E-02 -2.8420E-02 2.3540E-02
9.840000E-03 -5.7416E-02 4.3856E-02 -2.8870E-02 2.2580E-02
9.762520E-03 -5.7366E-02 4.1623E-02 -2.8870E-02 2.1430E-02
9.686250E-03 -5.6646E-02 3.9811E-02 -2.8520E-02 2.0490E-02
9.611163E-03 -5.5762E-02 3.8410E-02 -2.8080E-02 1.9760E-02
9.537231E-03 -5.4921E-02 3.7202E-02 -2.7660E-02 1.9130E-02
9.184000E-03 -5.0907E-02 3.2836E-02 -2.5640E-02 1.6850E-02
8.856000E-03 -4.7545E-02 3.0121E-02 -2.3940E-02 1.5430E-02
8.550621E-03 -4.4889E-02 2.7641E-02 -2.2600E-02 1.4140E-02
8.503703E-03 -4.4434E-02 2.7276E-02 -2.2370E-02 1.3950E-02
8.492055E-03 -4.4316E-02 2.7199E-02 -2.2310E-02 1.3910E-02
8.434286E-03 -4.3821E-02 2.6815E-02 -2.2060E-02 1.3710E-02
8.377298E-03 -4.3365E-02 2.6371E-02 -2.1830E-02 1.3480E-02
8.321074E-03 -4.2851E-02 2.5948E-02 -2.1570E-02 1.3260E-02
8.265601E-03 -4.2316E-02 2.5505E-02 -2.1300E-02 1.3030E-02
8.210861E-03 -4.1763E-02 2.5140E-02 -2.1020E-02 1.2840E-02
8.156843E-03 -4.1170E-02 2.4756E-02 -2.0720E-02 1.2640E-02
8.103530E-03 -4.0423E-02 2.4492E-02 -2.0340E-02 1.2500E-02
8.050909E-03 -3.9639E-02 2.4521E-02 -1.9940E-02 1.2510E-02
8.030052E-03 -3.9248E-02 2.4644E-02 -1.9740E-02 1.2570E-02
8.009302E-03 -3.8961E-02 2.5157E-02 -1.9590E-02 1.2830E-02
7.988661E-03 -3.9224E-02 2.5781E-02 -1.9720E-02 1.3150E-02
7.968123E-03 -3.9873E-02 2.5910E-02 -2.0050E-02 1.3220E-02
7.947693E-03 -4.0398E-02 2.5589E-02 -2.0320E-02 1.3060E-02
7.927367E-03 -4.0627E-02 2.5116E-02 -2.0440E-02 1.2820E-02
7.907143E-03 -4.0738E-02 2.4644E-02 -2.0500E-02 1.2580E-02
7.887024E-03 -4.0653E-02 2.4097E-02 -2.0460E-02 1.2300E-02
7.867005E-03 -4.0432E-02 2.3688E-02 -2.0350E-02 1.2090E-02
7.847088E-03 -4.0173E-02 2.3378E-02 -2.0220E-02 1.1930E-02
7.797736E-03 -3.9638E-02 2.2894E-02 -1.9950E-02 1.1680E-02
7.749000E-03 -3.9183E-02 2.2488E-02 -1.9720E-02 1.1470E-02
7.700870E-03 -3.8727E-02 2.2120E-02 -1.9490E-02 1.1280E-02
7.653334E-03 -3.8313E-02 2.1890E-02 -1.9280E-02 1.1160E-02
7.606381E-03 -3.8016E-02 2.1697E-02 -1.9130E-02 1.1060E-02
7.583119E-03 -3.7976E-02 2.1599E-02 -1.9110E-02 1.1010E-02
7.560000E-03 -3.7934E-02 2.1364E-02 -1.9090E-02 1.0890E-02
7.514182E-03 -3.7674E-02 2.0896E-02 -1.8960E-02 1.0650E-02
7.468916E-03 -3.7375E-02 2.0468E-02 -1.8810E-02 1.0430E-02
7.424192E-03 -3.7017E-02 2.0000E-02 -1.8630E-02 1.0190E-02
7.380000E-03 -3.6601E-02 1.9651E-02 -1.8420E-02 1.0010E-02
7.336332E-03 -3.6166E-02 1.9320E-02 -1.8200E-02 9.8390E-03
7.293177E-03 -3.5751E-02 1.9110E-02 -1.7990E-02 9.7300E-03
7.250526E-03 -3.5474E-02 1.8950E-02 -1.7850E-02 9.6470E-03
7.208372E-03 -3.5236E-02 1.8659E-02 -1.7730E-02 9.4980E-03
7.166706E-03 -3.4958E-02 1.8381E-02 -1.7590E-02 9.3550E-03
7.125517E-03 -3.4661E-02 1.8160E-02 -1.7440E-02 9.2410E-03
7.101031E-03 -3.4562E-02 1.8031E-02 -1.7390E-02 9.1750E-03
7.084800E-03 -3.4502E-02 1.7910E-02 -1.7360E-02 9.1130E-03
7.044546E-03 -3.4282E-02 1.7560E-02 -1.7250E-02 8.9340E-03
6.965393E-03 -3.3726E-02 1.6861E-02 -1.6970E-02 8.5760E-03
6.888000E-03 -3.3091E-02 1.6271E-02 -1.6650E-02 8.2730E-03
6.701838E-03 -3.1605E-02 1.5000E-02 -1.5900E-02 7.6210E-03
6.525474E-03 -3.0239E-02 1.3909E-02 -1.5210E-02 7.0620E-03
6.358154E-03 -2.8951E-02 1.2931E-02 -1.4560E-02 6.5610E-03
6.199200E-03 -2.7762E-02 1.2020E-02 -1.3960E-02 6.0950E-03
5.904000E-03 -2.5563E-02 1.0420E-02 -1.2850E-02 5.2780E-03
5.635636E-03 -2.3561E-02 9.0733E-03 -1.1840E-02 4.5910E-03
5.390609E-03 -2.1796E-02 7.9342E-03 -1.0950E-02 4.0110E-03
5.166000E-03 -2.0209E-02 6.9685E-03 -1.0150E-02 3.5200E-03
4.959360E-03 -1.8721E-02 6.1437E-03 -9.4000E-03 3.1010E-03
4.768616E-03 -1.7401E-02 5.4381E-03 -8.7350E-03 2.7430E-03
4.592000E-03 -1.6200E-02 4.8324E-03 -8.1300E-03 2.4360E-03
4.428000E-03 -1.5121E-02 4.3071E-03 -7.5870E-03 2.1700E-03
4.275310E-03 -1.4120E-02 3.8525E-03 -7.0830E-03 1.9400E-03
4.132800E-03 -1.3221E-02 3.4569E-03 -6.6310E-03 1.7400E-03
3.874500E-03 -1.1630E-02 2.8075E-03 -5.8310E-03 1.4120E-03
3.646588E-03 -1.0291E-02 2.3060E-03 -5.1580E-03 1.1590E-03
3.444000E-03 -9.1459E-03 1.9130E-03 -4.5830E-03 9.6090E-04
3.262737E-03 -8.1619E-03 1.6000E-03 -4.0890E-03 8.0330E-04
3.099600E-03 -7.3071E-03 1.3500E-03 -3.6600E-03 6.7750E-04
2.952000E-03 -6.5575E-03 1.1480E-03 -3.2840E-03 5.7590E-04
2.817818E-03 -5.8895E-03 9.8249E-04 -2.9490E-03 4.9270E-04
2.695304E-03 -5.2852E-03 8.4635E-04 -2.6460E-03 4.2430E-04
2.583000E-03 -4.7206E-03 7.3326E-04 -2.3630E-03 3.6750E-04
2.479680E-03 -4.1538E-03 6.3887E-04 -2.0790E-03 3.2010E-04
2.384308E-03 -3.4491E-03 5.5923E-04 -1.7260E-03 2.8010E-04
2.361600E-03 -3.1676E-03 5.4134E-04 -1.5850E-03 2.7110E-04
2.349072E-03 -2.8840E-03 5.3163E-04 -1.4430E-03 2.6620E-04
2.348182E-03 -2.8580E-03 5.6659E-04 -1.4300E-03 2.8370E-04
2.345960E-03 -2.8181E-03 6.3550E-04 -1.4100E-03 3.1820E-04
2.343743E-03 -2.8081E-03 6.5148E-04 -1.4050E-03 3.2620E-04
2.339321E-03 -2.7482E-03 6.6548E-04 -1.3750E-03 3.3320E-04
2.334915E-03 -2.6464E-03 6.6192E-04 -1.3240E-03 3.3140E-04
2.330526E-03 -2.4926E-03 6.7596E-04 -1.2470E-03 3.3840E-04
2.326154E-03 -2.3208E-03 7.4254E-04 -1.1610E-03 3.7170E-04
2.321798E-03 -2.0831E-03 7.7399E-04 -1.0420E-03 3.8740E-04
2.320060E-03 -1.9340E-03 8.2500E-04 -9.6740E-04 4.1290E-04
2.318325E-03 -1.7550E-03 8.9342E-04 -8.7780E-04 4.4710E-04
2.316592E-03 -1.5621E-03 1.0320E-03 -7.8120E-04 5.1640E-04
2.314862E-03 -1.3701E-03 1.2399E-03 -6.8510E-04 6.2040E-04
2.313134E-03 -1.1150E-03 1.4820E-03 -5.5740E-04 7.4140E-04
2.311409E-03 -8.4786E-04 1.8290E-03 -4.2360E-04 9.1490E-04
2.309687E-03 -8.1721E-04 2.6649E-03 -4.0780E-04 1.3330E-03
2.307967E-03 -1.3041E-03 3.6376E-03 -6.5060E-04 1.8200E-03
2.306250E-03 -2.1648E-03 3.9817E-03 -1.0810E-03 1.9930E-03
2.304535E-03 -2.9873E-03 3.7724E-03 -1.4930E-03 1.8890E-03
2.300260E-03 -3.8322E-03 2.7507E-03 -1.9170E-03 1.3780E-03
2.296000E-03 -3.7375E-03 1.9851E-03 -1.8700E-03 9.9440E-04
2.291756E-03 -3.4718E-03 1.8510E-03 -1.7370E-03 9.2710E-04
2.287528E-03 -3.3660E-03 1.7840E-03 -1.6840E-03 8.9350E-04
2.283315E-03 -3.2382E-03 1.7609E-03 -1.6200E-03 8.8190E-04
2.279118E-03 -3.1444E-03 1.8930E-03 -1.5730E-03 9.4800E-04
2.274936E-03 -3.2245E-03 2.1106E-03 -1.6130E-03 1.0570E-03
2.272851E-03 -3.3744E-03 2.1943E-03 -1.6880E-03 1.0990E-03
2.270769E-03 -3.5280E-03 2.1222E-03 -1.7650E-03 1.0630E-03
2.266618E-03 -3.6556E-03 1.9450E-03 -1.8290E-03 9.7430E-04
2.262482E-03 -3.6974E-03 1.8031E-03 -1.8500E-03 9.0320E-04
2.258361E-03 -3.6513E-03 1.6270E-03 -1.8270E-03 8.1500E-04
2.254255E-03 -3.5455E-03 1.5710E-03 -1.7740E-03 7.8690E-04
2.250163E-03 -3.4157E-03 1.5320E-03 -1.7090E-03 7.6730E-04
2.246087E-03 -3.2940E-03 1.6461E-03 -1.6480E-03 8.2440E-04
2.242025E-03 -3.3460E-03 1.8269E-03 -1.6740E-03 9.1500E-04
2.237978E-03 -3.4519E-03 1.8220E-03 -1.7270E-03 9.1260E-04
2.233946E-03 -3.4778E-03 1.8260E-03 -1.7400E-03 9.1460E-04
2.229928E-03 -3.5238E-03 1.8961E-03 -1.7630E-03 9.4970E-04
2.227524E-03 -3.6157E-03 1.9431E-03 -1.8090E-03 9.7330E-04
2.225925E-03 -3.6875E-03 1.9240E-03 -1.8450E-03 9.6380E-04
2.221935E-03 -3.8212E-03 1.8179E-03 -1.9120E-03 9.1070E-04
2.217961E-03 -3.8690E-03 1.6789E-03 -1.9360E-03 8.4110E-04
2.214000E-03 -3.8549E-03 1.5740E-03 -1.9290E-03 7.8850E-04
2.206121E-03 -3.8109E-03 1.4480E-03 -1.9070E-03 7.2540E-04
2.194407E-03 -3.7270E-03 1.3189E-03 -1.8650E-03 6.6070E-04
2.175158E-03 -3.5911E-03 1.2260E-03 -1.7970E-03 6.1410E-04
2.156243E-03 -3.4993E-03 1.1919E-03 -1.7510E-03 5.9700E-04
2.137655E-03 -3.4394E-03 1.1590E-03 -1.7210E-03 5.8050E-04
2.101424E-03 -3.3335E-03 1.0970E-03 -1.6680E-03 5.4940E-04
2.066400E-03 -3.2356E-03 1.0389E-03 -1.6190E-03 5.2030E-04
1.999742E-03 -3.0439E-03 9.3358E-04 -1.5230E-03 4.6750E-04
1.937250E-03 -2.8521E-03 8.4100E-04 -1.4270E-03 4.2110E-04
1.878546E-03 -2.6544E-03 7.5959E-04 -1.3280E-03 3.8030E-04
1.823294E-03 -2.4266E-03 6.8756E-04 -1.2140E-03 3.4420E-04
1.809985E-03 -2.3567E-03 6.7081E-04 -1.1790E-03 3.3580E-04
1.796870E-03 -2.2728E-03 6.5465E-04 -1.1370E-03 3.2770E-04
1.783942E-03 -2.1649E-03 6.4091E-04 -1.0830E-03 3.2080E-04
1.781379E-03 -2.1370E-03 6.3832E-04 -1.0690E-03 3.1950E-04
1.778824E-03 -2.1070E-03 6.3553E-04 -1.0540E-03 3.1810E-04
1.776275E-03 -2.0750E-03 6.3274E-04 -1.0380E-03 3.1670E-04
1.773734E-03 -2.0351E-03 6.3016E-04 -1.0180E-03 3.1540E-04
1.771200E-03 -1.9901E-03 6.2737E-04 -9.9550E-04 3.1400E-04
1.768673E-03 -1.9360E-03 6.2479E-04 -9.6840E-04 3.1270E-04
1.766154E-03 -1.8670E-03 6.2242E-04 -9.3390E-04 3.1150E-04
1.763642E-03 -1.7751E-03 6.2025E-04 -8.8790E-04 3.1040E-04
1.761136E-03 -1.6370E-03 6.1849E-04 -8.1880E-04 3.0950E-04
1.759887E-03 -1.5311E-03 6.1953E-04 -7.6580E-04 3.1000E-04
1.758638E-03 -1.3710E-03 6.3217E-04 -6.8570E-04 3.1630E-04
1.757392E-03 -1.1270E-03 6.9461E-04 -5.6360E-04 3.4750E-04
1.756147E-03 -8.3003E-04 9.0662E-04 -4.1500E-04 4.5350E-04
1.754905E-03 -6.2719E-04 1.3990E-03 -3.1340E-04 6.9970E-04
1.753663E-03 -7.5401E-04 2.1492E-03 -3.7650E-04 1.0750E-03
1.752672E-03 -1.1901E-03 2.7024E-03 -5.9430E-04 1.3520E-03
1.752176E-03 -1.4931E-03 2.8719E-03 -7.4580E-04 1.4370E-03
1.751681E-03 -1.8181E-03 2.9353E-03 -9.0840E-04 1.4690E-03
1.751186E-03 -2.1370E-03 2.8889E-03 -1.0680E-03 1.4460E-03
1.750692E-03 -2.4364E-03 2.7427E-03 -1.2180E-03 1.3730E-03
1.750198E-03 -2.6818E-03 2.5266E-03 -1.3410E-03 1.2650E-03
1.749704E-03 -2.8573E-03 2.2867E-03 -1.4290E-03 1.1450E-03
1.749210E-03 -2.9609E-03 2.0470E-03 -1.4810E-03 1.0250E-03
1.748717E-03 -2.9946E-03 1.8161E-03 -1.4980E-03 9.0940E-04
1.747484E-03 -2.9084E-03 1.4259E-03 -1.4550E-03 7.1400E-04
1.746254E-03 -2.7645E-03 1.3260E-03 -1.3830E-03 6.6390E-04
1.745025E-03 -2.7166E-03 1.3150E-03 -1.3590E-03 6.5840E-04
1.743798E-03 -2.7405E-03 1.2299E-03 -1.3710E-03 6.1580E-04
1.742572E-03 -2.7424E-03 1.0789E-03 -1.3720E-03 5.4020E-04
1.741348E-03 -2.6864E-03 9.4513E-04 -1.3440E-03 4.7320E-04
1.740126E-03 -2.5925E-03 8.7167E-04 -1.2970E-03 4.3640E-04
1.738906E-03 -2.5046E-03 8.4394E-04 -1.2530E-03 4.2250E-04
1.736471E-03 -2.3887E-03 8.3380E-04 -1.1950E-03 4.1740E-04
1.734042E-03 -2.3128E-03 8.3164E-04 -1.1570E-03 4.1630E-04
1.731620E-03 -2.2489E-03 8.2947E-04 -1.1250E-03 4.1520E-04
1.729205E-03 -2.1790E-03 8.2750E-04 -1.0900E-03 4.1420E-04
1.726797E-03 -2.0651E-03 8.3374E-04 -1.0330E-03 4.1730E-04
1.724395E-03 -1.9001E-03 9.4710E-04 -9.5040E-04 4.7400E-04
1.722000E-03 -1.9341E-03 1.3269E-03 -9.6730E-04 6.6410E-04
1.721522E-03 -1.9981E-03 1.3960E-03 -9.9930E-04 6.9870E-04
1.721044E-03 -2.0754E-03 1.4419E-03 -1.0380E-03 7.2170E-04
1.720566E-03 -2.1614E-03 1.4600E-03 -1.0810E-03 7.3080E-04
1.720089E-03 -2.2473E-03 1.4470E-03 -1.1240E-03 7.2430E-04
1.719612E-03 -2.3211E-03 1.4070E-03 -1.1610E-03 7.0430E-04
1.719135E-03 -2.3810E-03 1.3470E-03 -1.1910E-03 6.7430E-04
1.718420E-03 -2.4389E-03 1.2501E-03 -1.2200E-03 6.2580E-04
1.717230E-03 -2.4528E-03 1.1290E-03 -1.2270E-03 5.6520E-04
1.716042E-03 -2.4188E-03 1.0669E-03 -1.2100E-03 5.3410E-04
1.714855E-03 -2.3968E-03 1.0589E-03 -1.1990E-03 5.3010E-04
1.713670E-03 -2.3988E-03 1.0499E-03 -1.2000E-03 5.2560E-04
1.712486E-03 -2.4068E-03 1.0170E-03 -1.2040E-03 5.0910E-04
1.711304E-03 -2.4028E-03 9.7403E-04 -1.2020E-03 4.8760E-04
1.710124E-03 -2.3848E-03 9.4287E-04 -1.1930E-03 4.7200E-04
1.707769E-03 -2.3408E-03 9.2212E-04 -1.1710E-03 4.6160E-04
1.705420E-03 -2.3129E-03 9.1854E-04 -1.1570E-03 4.5980E-04
1.703077E-03 -2.2969E-03 9.1575E-04 -1.1490E-03 4.5840E-04
1.700741E-03 -2.2849E-03 9.1316E-04 -1.1430E-03 4.5710E-04
1.698411E-03 -2.2769E-03 9.1036E-04 -1.1390E-03 4.5570E-04
1.686857E-03 -2.2449E-03 8.9619E-04 -1.1230E-03 4.4860E-04
1.675460E-03 -2.2230E-03 8.8202E-04 -1.1120E-03 4.4150E-04
1.664215E-03 -2.2050E-03 8.6824E-04 -1.1030E-03 4.3460E-04
1.653120E-03 -2.1850E-03 8.5447E-04 -1.0930E-03 4.2770E-04
1.642172E-03 -2.1670E-03 8.4129E-04 -1.0840E-03 4.2110E-04
1.631368E-03 -2.1510E-03 8.2811E-04 -1.0760E-03 4.1450E-04
1.620706E-03 -2.1330E-03 8.1553E-04 -1.0670E-03 4.0820E-04
1.610182E-03 -2.1150E-03 8.0295E-04 -1.0580E-03 4.0190E-04
1.599794E-03 -2.0971E-03 7.9097E-04 -1.0490E-03 3.9590E-04
1.589539E-03 -2.0791E-03 7.7919E-04 -1.0400E-03 3.9000E-04
1.579414E-03 -2.0631E-03 7.6741E-04 -1.0320E-03 3.8410E-04
1.569418E-03 -2.0471E-03 7.5622E-04 -1.0240E-03 3.7850E-04
1.559547E-03 -2.0311E-03 7.4524E-04 -1.0160E-03 3.7300E-04
1.549800E-03 -2.0171E-03 7.3446E-04 -1.0090E-03 3.6760E-04
1.540174E-03 -2.0031E-03 7.1968E-04 -1.0020E-03 3.6020E-04
1.530667E-03 -1.9859E-03 7.0530E-04 -9.9340E-04 3.5300E-04
1.521276E-03 -1.9689E-03 6.9112E-04 -9.8490E-04 3.4590E-04
1.512000E-03 -1.9510E-03 6.7734E-04 -9.7590E-04 3.3900E-04
1.502836E-03 -1.9320E-03 6.6396E-04 -9.6640E-04 3.3230E-04
1.493783E-03 -1.9130E-03 6.5098E-04 -9.5690E-04 3.2580E-04
1.484838E-03 -1.8920E-03 6.3820E-04 -9.4640E-04 3.1940E-04
1.479523E-03 -1.8780E-03 6.3041E-04 -9.3940E-04 3.1550E-04
1.477759E-03 -1.8730E-03 6.2841E-04 -9.3690E-04 3.1450E-04
1.476000E-03 -1.8680E-03 6.2641E-04 -9.3440E-04 3.1350E-04
1.474245E-03 -1.8630E-03 6.2462E-04 -9.3190E-04 3.1260E-04
1.472494E-03 -1.8580E-03 6.2262E-04 -9.2940E-04 3.1160E-04
1.470747E-03 -1.8530E-03 6.2022E-04 -9.2690E-04 3.1040E-04
1.469005E-03 -1.8470E-03 6.1783E-04 -9.2390E-04 3.0920E-04
1.467266E-03 -1.8400E-03 6.1563E-04 -9.2040E-04 3.0810E-04
1.465532E-03 -1.8321E-03 6.1484E-04 -9.1640E-04 3.0770E-04
1.463802E-03 -1.8231E-03 6.1644E-04 -9.1190E-04 3.0850E-04
1.462076E-03 -1.8151E-03 6.2183E-04 -9.0790E-04 3.1120E-04
1.460353E-03 -1.8121E-03 6.2723E-04 -9.0640E-04 3.1390E-04
1.458635E-03 -1.8101E-03 6.3263E-04 -9.0540E-04 3.1660E-04
1.456921E-03 -1.8101E-03 6.3522E-04 -9.0540E-04 3.1790E-04
1.455211E-03 -1.8091E-03 6.3782E-04 -9.0490E-04 3.1920E-04
1.453505E-03 -1.8091E-03 6.4022E-04 -9.0490E-04 3.2040E-04
1.451803E-03 -1.8101E-03 6.4242E-04 -9.0540E-04 3.2150E-04
1.450105E-03 -1.8121E-03 6.4442E-04 -9.0640E-04 3.2250E-04
1.448411E-03 -1.8161E-03 6.4461E-04 -9.0840E-04 3.2260E-04
1.446721E-03 -1.8201E-03 6.4122E-04 -9.1040E-04 3.2090E-04
1.445035E-03 -1.8221E-03 6.3622E-04 -9.1140E-04 3.1840E-04
1.443353E-03 -1.8221E-03 6.3042E-04 -9.1140E-04 3.1550E-04
1.441674E-03 -1.8211E-03 6.2503E-04 -9.1090E-04 3.1280E-04
1.440000E-03 -1.8191E-03 6.2004E-04 -9.0990E-04 3.1030E-04
1.438329E-03 -1.8151E-03 6.1544E-04 -9.0790E-04 3.0800E-04
1.436663E-03 -1.8121E-03 6.1204E-04 -9.0640E-04 3.0630E-04
1.435000E-03 -1.8081E-03 6.0925E-04 -9.0440E-04 3.0490E-04
1.433341E-03 -1.8051E-03 6.0645E-04 -9.0290E-04 3.0350E-04
1.431686E-03 -1.8021E-03 6.0366E-04 -9.0140E-04 3.0210E-04
1.430035E-03 -1.8001E-03 6.0126E-04 -9.0040E-04 3.0090E-04
1.428387E-03 -1.7961E-03 5.9886E-04 -8.9840E-04 2.9970E-04
1.426743E-03 -1.7941E-03 5.9646E-04 -8.9740E-04 2.9850E-04
1.425104E-03 -1.7911E-03 5.9407E-04 -8.9590E-04 2.9730E-04
1.421835E-03 -1.7851E-03 5.8887E-04 -8.9290E-04 2.9470E-04
1.418581E-03 -1.7801E-03 5.8388E-04 -8.9040E-04 2.9220E-04
1.415343E-03 -1.7741E-03 5.7869E-04 -8.8740E-04 2.8960E-04
1.412118E-03 -1.7671E-03 5.7309E-04 -8.8390E-04 2.8680E-04
1.408909E-03 -1.7601E-03 5.6830E-04 -8.8040E-04 2.8440E-04
1.405714E-03 -1.7531E-03 5.6430E-04 -8.7690E-04 2.8240E-04
1.402534E-03 -1.7461E-03 5.6071E-04 -8.7340E-04 2.8060E-04
1.399368E-03 -1.7391E-03 5.5751E-04 -8.6990E-04 2.7900E-04
1.396216E-03 -1.7321E-03 5.5452E-04 -8.6640E-04 2.7750E-04
1.393079E-03 -1.7259E-03 5.5172E-04 -8.6330E-04 2.7610E-04
1.385296E-03 -1.7129E-03 5.4453E-04 -8.5680E-04 2.7250E-04
1.377600E-03 -1.6999E-03 5.3634E-04 -8.5030E-04 2.6840E-04
1.373023E-03 -1.6920E-03 5.3095E-04 -8.4630E-04 2.6570E-04
1.369989E-03 -1.6880E-03 5.2695E-04 -8.4430E-04 2.6370E-04
1.362462E-03 -1.6740E-03 5.1677E-04 -8.3730E-04 2.5860E-04
1.355016E-03 -1.6600E-03 5.0638E-04 -8.3030E-04 2.5340E-04
1.347652E-03 -1.6460E-03 4.9639E-04 -8.2330E-04 2.4840E-04
1.340368E-03 -1.6310E-03 4.8700E-04 -8.1580E-04 2.4370E-04
1.333161E-03 -1.6160E-03 4.7881E-04 -8.0830E-04 2.3960E-04
1.326032E-03 -1.6020E-03 4.7062E-04 -8.0130E-04 2.3550E-04
1.318979E-03 -1.5870E-03 4.6283E-04 -7.9380E-04 2.3160E-04
1.312000E-03 -1.5730E-03 4.5524E-04 -7.8680E-04 2.2780E-04
1.305095E-03 -1.5600E-03 4.4785E-04 -7.8030E-04 2.2410E-04
1.298262E-03 -1.5470E-03 4.4066E-04 -7.7380E-04 2.2050E-04
1.291500E-03 -1.5341E-03 4.3287E-04 -7.6730E-04 2.1660E-04
1.284808E-03 -1.5201E-03 4.2548E-04 -7.6030E-04 2.1290E-04
1.278186E-03 -1.5071E-03 4.1808E-04 -7.5380E-04 2.0920E-04
1.271631E-03 -1.4941E-03 4.1089E-04 -7.4730E-04 2.0560E-04
1.265143E-03 -1.4811E-03 4.0370E-04 -7.4080E-04 2.0200E-04
1.258721E-03 -1.4681E-03 3.9691E-04 -7.3430E-04 1.9860E-04
1.252364E-03 -1.4551E-03 3.9012E-04 -7.2780E-04 1.9520E-04
1.246070E-03 -1.4431E-03 3.8352E-04 -7.2180E-04 1.9190E-04
1.239840E-03 -1.4299E-03 3.7713E-04 -7.1520E-04 1.8870E-04
1.180800E-03 -1.3110E-03 3.1939E-04 -6.5570E-04 1.5980E-04
1.127127E-03 -1.2021E-03 2.7204E-04 -6.0120E-04 1.3610E-04
1.078122E-03 -1.1031E-03 2.3307E-04 -5.5170E-04 1.1660E-04
1.033200E-03 -1.0130E-03 2.0090E-04 -5.0660E-04 1.0050E-04
9.918720E-04 -9.2799E-04 1.7400E-04 -4.6410E-04 8.7040E-05
9.537231E-04 -8.1944E-04 1.5150E-04 -4.0980E-04 7.5780E-05
9.531365E-04 -8.1524E-04 1.5110E-04 -4.0770E-04 7.5580E-05
9.529900E-04 -8.1444E-04 1.5270E-04 -4.0730E-04 7.6380E-05
9.522581E-04 -8.0984E-04 1.5630E-04 -4.0500E-04 7.8180E-05
9.515273E-04 -8.0664E-04 1.5670E-04 -4.0340E-04 7.8380E-05
9.507976E-04 -8.0145E-04 1.5630E-04 -4.0080E-04 7.8180E-05
9.500690E-04 -7.9445E-04 1.5670E-04 -3.9730E-04 7.8380E-05
9.493415E-04 -7.8545E-04 1.5950E-04 -3.9280E-04 7.9780E-05
9.486152E-04 -7.7226E-04 1.6060E-04 -3.8620E-04 8.0330E-05
9.478899E-04 -7.5267E-04 1.6870E-04 -3.7640E-04 8.4380E-05
9.471658E-04 -7.2308E-04 1.9269E-04 -3.6160E-04 9.6380E-05
9.468764E-04 -7.2748E-04 2.0852E-04 -3.6380E-04 1.0430E-04
9.465872E-04 -7.4048E-04 2.4671E-04 -3.7030E-04 1.2340E-04
9.462984E-04 -7.5708E-04 2.9149E-04 -3.7860E-04 1.4580E-04
9.460095E-04 -7.7287E-04 3.0728E-04 -3.8650E-04 1.5370E-04
9.457208E-04 -7.9546E-04 2.9748E-04 -3.9780E-04 1.4880E-04
9.454323E-04 -8.2205E-04 2.7968E-04 -4.1110E-04 1.3990E-04
9.451440E-04 -8.4164E-04 2.6189E-04 -4.2090E-04 1.3100E-04
9.448560E-04 -8.4943E-04 2.3930E-04 -4.2480E-04 1.1970E-04
9.445681E-04 -8.5023E-04 2.2470E-04 -4.2520E-04 1.1240E-04
9.442803E-04 -8.4843E-04 2.1491E-04 -4.2430E-04 1.0750E-04
9.435617E-04 -8.3564E-04 2.0851E-04 -4.1790E-04 1.0430E-04
9.428441E-04 -8.2784E-04 2.0531E-04 -4.1400E-04 1.0270E-04
9.421277E-04 -8.2144E-04 2.0392E-04 -4.1080E-04 1.0200E-04
9.414123E-04 -8.1804E-04 2.0991E-04 -4.0910E-04 1.0500E-04
9.406980E-04 -8.2224E-04 2.1991E-04 -4.1120E-04 1.1000E-04
9.399849E-04 -8.3104E-04 2.2011E-04 -4.1560E-04 1.1010E-04
9.392728E-04 -8.3824E-04 2.1171E-04 -4.1920E-04 1.0590E-04
9.385617E-04 -8.3963E-04 2.0511E-04 -4.1990E-04 1.0260E-04
9.378518E-04 -8.3703E-04 1.9670E-04 -4.1860E-04 9.8390E-05
9.371429E-04 -8.3164E-04 1.9390E-04 -4.1590E-04 9.6990E-05
9.364351E-04 -8.2464E-04 1.9190E-04 -4.1240E-04 9.5990E-05
9.357283E-04 -8.2044E-04 1.9700E-04 -4.1030E-04 9.8540E-05
9.350227E-04 -8.2084E-04 2.0532E-04 -4.1050E-04 1.0270E-04
9.343181E-04 -8.2364E-04 2.0492E-04 -4.1190E-04 1.0250E-04
9.336145E-04 -8.2564E-04 2.0472E-04 -4.1290E-04 1.0240E-04
9.329120E-04 -8.2864E-04 2.0791E-04 -4.1440E-04 1.0400E-04
9.324910E-04 -8.3144E-04 2.1011E-04 -4.1580E-04 1.0510E-04
9.322105E-04 -8.3384E-04 2.0911E-04 -4.1700E-04 1.0460E-04
9.315102E-04 -8.3943E-04 2.0391E-04 -4.1980E-04 1.0200E-04
9.308108E-04 -8.4123E-04 1.9720E-04 -4.2070E-04 9.8640E-05
9.301126E-04 -8.4043E-04 1.9210E-04 -4.2030E-04 9.6090E-05
9.287191E-04 -8.3663E-04 1.8580E-04 -4.1840E-04 9.2940E-05
9.252537E-04 -8.2804E-04 1.7751E-04 -4.1410E-04 8.8790E-05
9.184000E-04 -8.1344E-04 1.6929E-04 -4.0680E-04 8.4680E-05
9.116471E-04 -8.0125E-04 1.6489E-04 -4.0070E-04 8.2480E-05
8.984348E-04 -7.8045E-04 1.5670E-04 -3.9030E-04 7.8380E-05
8.856000E-04 -7.6066E-04 1.4890E-04 -3.8040E-04 7.4480E-05
8.550621E-04 -7.1368E-04 1.3149E-04 -3.5690E-04 6.5770E-05
8.265600E-04 -6.6969E-04 1.1660E-04 -3.3490E-04 5.8320E-05
7.749000E-04 -5.9091E-04 9.2593E-05 -2.9550E-04 4.6310E-05
7.293177E-04 -5.2253E-04 7.4441E-05 -2.6130E-04 3.7230E-05
6.888000E-04 -4.5915E-04 6.0546E-05 -2.2960E-04 3.0280E-05
6.756621E-04 -4.2576E-04 5.6448E-05 -2.1290E-04 2.8230E-05
6.753677E-04 -4.2416E-04 5.6368E-05 -2.1210E-04 2.8190E-05
6.752941E-04 -4.2396E-04 5.7048E-05 -2.1200E-04 2.8530E-05
6.749265E-04 -4.2196E-04 5.8728E-05 -2.1100E-04 2.9370E-05
6.745593E-04 -4.2016E-04 5.8968E-05 -2.1010E-04 2.9490E-05
6.741925E-04 -4.1796E-04 5.8868E-05 -2.0900E-04 2.9440E-05
6.738261E-04 -4.1516E-04 5.9108E-05 -2.0760E-04 2.9560E-05
6.734601E-04 -4.1076E-04 6.0428E-05 -2.0540E-04 3.0220E-05
6.730945E-04 -4.0436E-04 6.1028E-05 -2.0220E-04 3.0520E-05
6.727293E-04 -3.9296E-04 6.4647E-05 -1.9650E-04 3.2330E-05
6.723644E-04 -3.8936E-04 7.5365E-05 -1.9470E-04 3.7690E-05
6.722186E-04 -3.9376E-04 8.2424E-05 -1.9690E-04 4.1220E-05
6.720729E-04 -3.9856E-04 9.9440E-05 -1.9930E-04 4.9730E-05
6.719272E-04 -4.0416E-04 1.1930E-04 -2.0210E-04 5.9660E-05
6.717815E-04 -4.0916E-04 1.2629E-04 -2.0460E-04 6.3160E-05
6.716360E-04 -4.1376E-04 1.2199E-04 -2.0690E-04 6.1009E-05
6.714905E-04 -4.1916E-04 1.1420E-04 -2.0960E-04 5.7111E-05
6.713450E-04 -4.2756E-04 1.0630E-04 -2.1380E-04 5.3160E-05
6.711997E-04 -4.3555E-04 9.6299E-05 -2.1780E-04 4.8160E-05
6.710544E-04 -4.3935E-04 8.9840E-05 -2.1970E-04 4.4930E-05
6.709091E-04 -4.3975E-04 8.5541E-05 -2.1990E-04 4.2780E-05
6.707639E-04 -4.3895E-04 8.3362E-05 -2.1950E-04 4.1690E-05
6.706188E-04 -4.3695E-04 8.2942E-05 -2.1850E-04 4.1480E-05
6.704737E-04 -4.3435E-04 8.2542E-05 -2.1720E-04 4.1280E-05
6.703287E-04 -4.3196E-04 8.1782E-05 -2.1600E-04 4.0900E-05
6.701838E-04 -4.3016E-04 8.1382E-05 -2.1510E-04 4.0700E-05
6.698217E-04 -4.2776E-04 8.0903E-05 -2.1390E-04 4.0460E-05
6.694600E-04 -4.2736E-04 8.3622E-05 -2.1370E-04 4.1820E-05
6.690988E-04 -4.2896E-04 8.8101E-05 -2.1450E-04 4.4060E-05
6.687379E-04 -4.3156E-04 8.8321E-05 -2.1580E-04 4.4170E-05
6.683774E-04 -4.3495E-04 8.4662E-05 -2.1750E-04 4.2340E-05
6.680173E-04 -4.3595E-04 8.1722E-05 -2.1800E-04 4.0870E-05
6.676575E-04 -4.3495E-04 7.8063E-05 -2.1750E-04 3.9040E-05
6.672982E-04 -4.3256E-04 7.6883E-05 -2.1630E-04 3.8450E-05
6.669392E-04 -4.2956E-04 7.6064E-05 -2.1480E-04 3.8040E-05
6.665807E-04 -4.2876E-04 7.8423E-05 -2.1440E-04 3.9220E-05
6.662225E-04 -4.2816E-04 8.2182E-05 -2.1410E-04 4.1100E-05
6.658647E-04 -4.2876E-04 8.2062E-05 -2.1440E-04 4.1040E-05
6.655073E-04 -4.3036E-04 8.2122E-05 -2.1520E-04 4.1070E-05
6.651502E-04 -4.3216E-04 8.3582E-05 -2.1610E-04 4.1800E-05
6.649362E-04 -4.3315E-04 8.4562E-05 -2.1660E-04 4.2290E-05
6.647936E-04 -4.3395E-04 8.4162E-05 -2.1700E-04 4.2090E-05
6.644373E-04 -4.3595E-04 8.1922E-05 -2.1800E-04 4.0970E-05
6.640814E-04 -4.3715E-04 7.9003E-05 -2.1860E-04 3.9510E-05
6.637260E-04 -4.3695E-04 7.6783E-05 -2.1850E-04 3.8400E-05
6.633708E-04 -4.3615E-04 7.5264E-05 -2.1810E-04 3.7640E-05
6.630160E-04 -4.3515E-04 7.4084E-05 -2.1760E-04 3.7050E-05
6.626617E-04 -4.3395E-04 7.2924E-05 -2.1700E-04 3.6470E-05
6.623077E-04 -4.3315E-04 7.2804E-05 -2.1660E-04 3.6410E-05
6.619541E-04 -4.3215E-04 7.2704E-05 -2.1610E-04 3.6360E-05
6.616008E-04 -4.3175E-04 7.2584E-05 -2.1590E-04 3.6300E-05
6.612480E-04 -4.3155E-04 7.2484E-05 -2.1580E-04 3.6250E-05
6.594894E-04 -4.2896E-04 6.9885E-05 -2.1450E-04 3.4950E-05
6.525474E-04 -4.2016E-04 6.7326E-05 -2.1010E-04 3.3670E-05
6.199200E-04 -3.8396E-04 5.6129E-05 -1.9200E-04 2.8070E-05
5.635637E-04 -3.2137E-04 3.9894E-05 -1.6070E-04 1.9950E-05
5.166000E-04 -2.7138E-04 2.9116E-05 -1.3570E-04 1.4560E-05
4.768615E-04 -2.3179E-04 2.1757E-05 -1.1590E-04 1.0880E-05
4.428000E-04 -1.9999E-04 1.6560E-05 -1.0000E-04 8.2810E-06
4.132800E-04 -1.7419E-04 1.2841E-05 -8.7100E-05 6.4210E-06
3.542400E-04 -1.2790E-04 7.2295E-06 -6.3950E-05 3.6150E-06
3.099600E-04 -9.7598E-05 4.3758E-06 -4.8800E-05 2.1880E-06
2.755200E-04 -7.6879E-05 2.8019E-06 -3.8440E-05 1.4010E-06
2.479680E-04 -6.1819E-05 1.8759E-06 -3.0910E-05 9.3800E-07
2.254255E-04 -5.1039E-05 1.3030E-06 -2.5520E-05 6.5150E-07
2.066400E-04 -4.2700E-05 9.3318E-07 -2.1350E-05 4.6660E-07
1.907446E-04 -3.6020E-05 6.8579E-07 -1.8010E-05 3.4290E-07
1.771200E-04 -3.0420E-05 5.1519E-07 -1.5210E-05 2.5760E-07
1.746254E-04 -2.8640E-05 4.8779E-07 -1.4320E-05 2.4390E-07
1.745025E-04 -2.8420E-05 4.8639E-07 -1.4210E-05 2.4320E-07
1.744779E-04 -2.8340E-05 4.9979E-07 -1.4170E-05 2.4990E-07
1.744534E-04 -2.8240E-05 5.1299E-07 -1.4120E-05 2.5650E-07
1.744288E-04 -2.8100E-05 5.3999E-07 -1.4050E-05 2.7000E-07
1.744043E-04 -2.7980E-05 5.5319E-07 -1.3990E-05 2.7660E-07
1.743797E-04 -2.7880E-05 5.5299E-07 -1.3940E-05 2.7650E-07
1.743552E-04 -2.7800E-05 5.5259E-07 -1.3900E-05 2.7630E-07
1.743307E-04 -2.7720E-05 5.6599E-07 -1.3860E-05 2.8300E-07
1.743062E-04 -2.7660E-05 6.1999E-07 -1.3830E-05 3.1000E-07
1.742817E-04 -2.7620E-05 7.5519E-07 -1.3810E-05 3.7760E-07
1.742572E-04 -2.7580E-05 1.0260E-06 -1.3790E-05 5.1300E-07
1.742327E-04 -2.7580E-05 1.2970E-06 -1.3790E-05 6.4850E-07
1.742082E-04 -2.7620E-05 1.5680E-06 -1.3810E-05 7.8400E-07
1.741838E-04 -2.7660E-05 1.7430E-06 -1.3830E-05 8.7150E-07
1.741593E-04 -2.7720E-05 1.9190E-06 -1.3860E-05 9.5950E-07
1.741348E-04 -2.7760E-05 2.0820E-06 -1.3880E-05 1.0410E-06
1.741104E-04 -2.7840E-05 2.2440E-06 -1.3920E-05 1.1220E-06
1.740859E-04 -2.7960E-05 2.3920E-06 -1.3980E-05 1.1960E-06
1.740615E-04 -2.8080E-05 2.4860E-06 -1.4040E-05 1.2430E-06
1.740371E-04 -2.8200E-05 2.4460E-06 -1.4100E-05 1.2230E-06
1.740126E-04 -2.8300E-05 2.3500E-06 -1.4150E-05 1.1750E-06
1.739882E-04 -2.8400E-05 2.2280E-06 -1.4200E-05 1.1140E-06
1.739638E-04 -2.8500E-05 2.1200E-06 -1.4250E-05 1.0600E-06
1.739394E-04 -2.8600E-05 2.0239E-06 -1.4300E-05 1.0120E-06
1.739150E-04 -2.8700E-05 1.9420E-06 -1.4350E-05 9.7100E-07
1.738906E-04 -2.8800E-05 1.9010E-06 -1.4400E-05 9.5051E-07
1.737688E-04 -2.8840E-05 1.8230E-06 -1.4420E-05 9.1150E-07
1.736471E-04 -2.8840E-05 1.7610E-06 -1.4420E-05 8.8050E-07
1.735256E-04 -2.8780E-05 1.6670E-06 -1.4390E-05 8.3350E-07
1.734042E-04 -2.8700E-05 1.6620E-06 -1.4350E-05 8.3100E-07
1.732830E-04 -2.8620E-05 1.7410E-06 -1.4310E-05 8.7050E-07
1.731620E-04 -2.8620E-05 1.8460E-06 -1.4310E-05 9.2300E-07
1.730412E-04 -2.8660E-05 1.9110E-06 -1.4330E-05 9.5550E-07
1.729205E-04 -2.8740E-05 1.9360E-06 -1.4370E-05 9.6800E-07
1.728000E-04 -2.8800E-05 1.9070E-06 -1.4400E-05 9.5350E-07
1.726797E-04 -2.8820E-05 1.8510E-06 -1.4410E-05 9.2550E-07
1.725595E-04 -2.8820E-05 1.8090E-06 -1.4410E-05 9.0450E-07
1.724395E-04 -2.8780E-05 1.7660E-06 -1.4390E-05 8.8300E-07
1.723197E-04 -2.8760E-05 1.7640E-06 -1.4380E-05 8.8200E-07
1.722000E-04 -2.8740E-05 1.7680E-06 -1.4370E-05 8.8400E-07
1.719612E-04 -2.8700E-05 1.7770E-06 -1.4350E-05 8.8850E-07
1.717230E-04 -2.8700E-05 1.8070E-06 -1.4350E-05 9.0350E-07
1.698411E-04 -2.8340E-05 1.5760E-06 -1.4170E-05 7.8800E-07
1.675459E-04 -2.7680E-05 1.5000E-06 -1.3840E-05 7.5000E-07
1.653120E-04 -2.7060E-05 1.4280E-06 -1.3530E-05 7.1400E-07
1.631369E-04 -2.6420E-05 1.3610E-06 -1.3210E-05 6.8050E-07
1.610182E-04 -2.5800E-05 1.2980E-06 -1.2900E-05 6.4900E-07
1.589538E-04 -2.5200E-05 1.2380E-06 -1.2600E-05 6.1900E-07
1.569418E-04 -2.4600E-05 1.1820E-06 -1.2300E-05 5.9100E-07
1.549800E-04 -2.4040E-05 1.1280E-06 -1.2020E-05 5.6400E-07
1.512000E-04 -2.2940E-05 1.0310E-06 -1.1470E-05 5.1550E-07
1.476000E-04 -2.1900E-05 9.4339E-07 -1.0950E-05 4.7170E-07
1.441674E-04 -2.0940E-05 8.6519E-07 -1.0470E-05 4.3260E-07
1.408909E-04 -2.0000E-05 7.9499E-07 -1.0000E-05 3.9750E-07
1.377600E-04 -1.9140E-05 7.3159E-07 -9.5700E-06 3.6580E-07
1.305095E-04 -1.7210E-05 5.9899E-07 -8.6050E-06 2.9950E-07
1.239840E-04 -1.5560E-05 4.9500E-07 -7.7800E-06 2.4750E-07
1.127127E-04 -1.2880E-05 3.4680E-07 -6.4400E-06 1.7340E-07
1.033200E-04 -1.0820E-05 2.5020E-07 -5.4100E-06 1.2510E-07
9.537231E-05 -9.2280E-06 1.8500E-07 -4.6140E-06 9.2500E-08
8.856000E-05 -7.9540E-06 1.3970E-07 -3.9770E-06 6.9850E-08
8.265600E-05 -6.9260E-06 1.0750E-07 -3.4630E-06 5.3750E-08
7.749000E-05 -6.0860E-06 8.4040E-08 -3.0430E-06 4.2020E-08
7.293177E-05 -5.3900E-06 6.6640E-08 -2.6950E-06 3.3320E-08
6.888000E-05 -4.8060E-06 5.3520E-08 -2.4030E-06 2.6760E-08
6.525474E-05 -4.3120E-06 4.3460E-08 -2.1560E-06 2.1730E-08
6.199200E-05 -3.8900E-06 3.5660E-08 -1.9450E-06 1.7830E-08
